caso del ejemplo
6 4 6
2 2 13 10
3 3 40 34
0 5 40 1
2 0 50 48
0 4 40 32
3 1 6 1
4
..XX..
...XXX
...X..
......

subtarea 1 (-> 3)
1 4 6
2 2 13 10
4
..XX..
...XXX
...X..
......

subtarea 2 (-> 6)
2 4 6
2 2 13 10
3 3 40 34
4
......
......
......
......

subtarea 3 (-> 6)
2 1 6
0 2 13 10
0 5 40 34
2
......

subtarea 4 (-> 8)
6 4 6
2 2 13 10
3 3 40 34
0 5 40 1
2 0 50 48
0 4 40 32
3 1 6 1
4
..XX..
...XXX
...X..
......

subtarea 5 (-> 6)
2 4 6
2 2 13 10
3 3 40 34
4
..xx..
...xxx
...x..
......

subtarea 6 (-> 10)
6 4 10
2 2 13 10
3 3 40 34
0 8 40 1
2 0 50 48
0 4 40 32
3 1 6 1
8
..XX......
...XXX..X.
...X...X..
.........X
